world: 365ca687-c4ed-4138-b4bd-0783e6768f03
world-name: world
x: 6142.5
y: 80.0
z: -697.5
yaw: -90.74898529052734
pitch: -1.6500221490859985
name: arena_desierto
lastowner: 2ea91414-7272-4830-9a89-56a30751a51b
