world: 365ca687-c4ed-4138-b4bd-0783e6768f03
world-name: world
x: 2526.8484925439425
y: 68.0
z: 3064.1465375496255
yaw: 123.5936279296875
pitch: 7.500006198883057
name: arena_hielo
lastowner: 2ea91414-7272-4830-9a89-56a30751a51b
