world: 365ca687-c4ed-4138-b4bd-0783e6768f03
world-name: world
x: 3972.0014888342253
y: 72.0
z: 7089.600036366058
yaw: -1.3615787029266357
pitch: -1.3499971628189087
name: arena_desierto_arido
lastowner: 2ea91414-7272-4830-9a89-56a30751a51b
