world: 365ca687-c4ed-4138-b4bd-0783e6768f03
world-name: world
x: -1232.5
y: 74.0
z: 5534.5
yaw: 90.44695281982422
pitch: 8.849939346313477
name: arena_planicie
lastowner: 2ea91414-7272-4830-9a89-56a30751a51b
