world: 365ca687-c4ed-4138-b4bd-0783e6768f03
world-name: world
x: -2103.5
y: 104.0
z: -884.5
yaw: -1.196945309638977
pitch: 1.9498993158340454
name: arena_hongo
lastowner: 2ea91414-7272-4830-9a89-56a30751a51b
