world: 365ca687-c4ed-4138-b4bd-0783e6768f03
world-name: world
x: -1010.5
y: 69.0
z: -6497.5
yaw: 2.102830171585083
pitch: 1.4998953342437744
name: arena_playa
lastowner: 2ea91414-7272-4830-9a89-56a30751a51b
