world: 365ca687-c4ed-4138-b4bd-0783e6768f03
world-name: world
x: 7788.695769030511
y: 74.0
z: 2826.758618880259
yaw: -90.59793090820312
pitch: -0.7498974800109863
name: arena_nether
lastowner: 2ea91414-7272-4830-9a89-56a30751a51b
