world: 365ca687-c4ed-4138-b4bd-0783e6768f03
world-name: world
x: 906.3282950031394
y: 122.0
z: 80.91334043435675
yaw: 174.2930908203125
pitch: -2.099936008453369
name: carcel
lastowner: 2ea91414-7272-4830-9a89-56a30751a51b
