world: 365ca687-c4ed-4138-b4bd-0783e6768f03
world-name: world
x: 247.44674188373517
y: 222.0
z: 44.66386806841722
yaw: 90.75355529785156
pitch: 1.5000503063201904
name: cofres
lastowner: 68fb05f0-7f44-3c93-bec8-942fdb5cd748
