world: 365ca687-c4ed-4138-b4bd-0783e6768f03
world-name: world
x: -2461.5256617966766
y: 184.9375
z: 4461.475616602352
yaw: -179.2557373046875
pitch: 2.550086736679077
name: isla-prohibida
lastowner: 68fb05f0-7f44-3c93-bec8-942fdb5cd748
