world: 0c1d2703-d3f1-42d4-8750-4bc43b8d8e22
world-name: lobby
x: 33.91473530520299
y: -36.0
z: 32.027376541653595
yaw: 0.1446533203125
pitch: 10.199933052062988
name: lobby
lastowner: 2ea91414-7272-4830-9a89-56a30751a51b
