world: 8c3e4eb6-04c1-48c3-9ffb-4585cafda6d5
world-name: world_nether
x: 66.7235644893108
y: 48.0
z: 38.41700632892565
yaw: -0.7502126097679138
pitch: 1.6499722003936768
name: nether
lastowner: 2ea91414-7272-4830-9a89-56a30751a51b
