world: 365ca687-c4ed-4138-b4bd-0783e6768f03
world-name: world
x: 286.46968468847905
y: 222.0
z: 82.90821778312832
yaw: 0.002716064453125
pitch: -0.749718964099884
name: plaza
lastowner: 68fb05f0-7f44-3c93-bec8-942fdb5cd748
