world: 365ca687-c4ed-4138-b4bd-0783e6768f03
world-name: world
x: 792.8749254990959
y: 156.9375
z: 192.4971027323911
yaw: -94.49862670898438
pitch: -2.40004825592041
name: survival-1_21_4
lastowner: 2ea91414-7272-4830-9a89-56a30751a51b
